# INDEX  RA        DEC       
  530311 83.624306 -68.6971  
  530311 83.62906  -68.696655
  530311 83.62954  -68.69774 
  530311 83.62405  -68.70042 
  530311 83.632866 -68.70174 
  530311 83.61719  -68.70424 
  530311 83.61909  -68.70342 
  530311 83.33726  -68.82453 
  530311 83.330025 -68.82846 
  530311 83.62524  -68.84005 
  530311 83.62413  -68.8411  
  530311 83.62491  -68.84258 
  530311 83.64102  -68.8435  
  530311 83.63568  -68.84274 
  530311 83.63552  -68.831276
  530311 83.64504  -68.830696
  530311 83.60376  -68.83452 
  530311 83.62818  -68.84126 
  530311 83.626144 -68.84083 
  530311 83.59806  -68.841515
  530311 83.648346 -68.839714
  530311 83.09972  -69.23062 
  530311 83.100815 -69.23522 
  530311 83.10085  -69.244995
  530311 83.10006  -69.25576 
  530311 83.07321  -69.23459 
  530311 83.07195  -69.23639 
  530311 83.28484  -69.17727 
  530311 83.065636 -69.238205
  530311 83.078255 -69.23668 
  530311 83.281715 -69.17704 
  530311 83.07392  -69.24    
  530311 83.29008  -69.18173 
  530311 83.06117  -69.24173 
  530311 83.07128  -69.245415
  530311 83.29619  -69.188805
  530311 83.27973  -69.19242 
  530311 83.070854 -69.25442 
  530311 83.0645   -69.25129 
  530311 83.066475 -69.25094 
  530311 83.06787  -69.25014 
  530311 83.077    -69.249306
  530311 83.2934   -69.1962  
  530311 83.29902  -69.19583 
  530311 83.41929  -69.29836 
  530311 83.41461  -69.303215
  530311 83.41803  -69.306465
  530311 83.41581  -69.31327 
  530311 83.41833  -69.31067 
  530311 83.415146 -69.31016 
  530311 83.606384 -69.42723 
  530311 83.59916  -69.42786 
  530311 83.60107  -69.430504
  530311 83.59999  -69.43558 
  530311 83.356186 -69.18866 
  530311 83.35429  -69.1914  
  530311 83.35632  -69.19285 
  530311 83.66455  -69.47748 
  530311 83.66839  -69.48261 
  530311 83.35498  -69.194336
  530311 83.347305 -69.19635 
  530311 83.34787  -69.19858 
  530311 83.38811  -69.31266 
  530311 83.388824 -69.311554
  530311 83.38757  -69.311325
  530311 83.26739  -69.157906
  530311 83.3414   -69.19309 
  530311 83.27307  -69.15996 
  530311 83.26724  -69.161964
  530311 83.26197  -69.164276
  530311 83.270096 -69.16585 
  530311 83.4762   -69.31587 
  530311 83.27404  -69.18498 
  530311 83.272095 -69.18703 
  530311 83.264175 -69.188675
  530311 83.47743  -69.31896 
  530311 83.12207  -69.245926
  530311 83.12487  -69.24539 
  530311 83.0797   -69.238556
  530311 83.08886  -69.24562 
  530311 83.060196 -69.244316
  530311 83.05741  -69.24613 
  530311 83.0823   -69.25118 
  530311 83.07963  -69.251884
  530311 83.04612  -69.23675 
  530311 83.04856  -69.239456
  530311 83.589935 -69.42622 
  530311 83.586845 -69.428604
  530311 83.84583  -68.68181 
  530311 83.8645   -68.68996 
  530311 83.86035  -68.69242 
  530311 83.85615  -68.69331 
  530311 83.85604  -68.69275 
  530311 83.85545  -68.69214 
  530311 83.622086 -69.425064
  530311 83.624565 -69.42606 
  530311 83.623634 -69.42846 
  530311 83.616264 -69.42876 
  530311 83.61504  -69.42691 
  530311 83.623116 -69.427826
  530311 83.62514  -69.42734 
  530311 83.62528  -69.42779 
  530311 83.61148  -69.429855
  530311 83.61997  -69.43227 
  530311 83.741165 -69.02046 
  530311 83.735916 -69.02382 
  530311 83.72507  -69.03049 
  530311 83.738205 -69.02787 
  530311 83.65697  -69.47976 
  530311 83.65585  -69.47938 
  530311 83.90254  -68.84635 
  530311 83.904655 -68.84787 
  530311 83.72637  -69.03254 
  530311 83.72981  -69.03358 
  530311 83.91426  -68.851295
  530311 83.898674 -68.85004 
  530311 83.88756  -68.852684
  530311 83.911835 -68.85925 
  530311 83.68457  -69.48351 
  530311 83.89673  -68.862206
  530311 83.920456 -68.85489 
  530311 83.91698  -68.86099 
  530311 83.91185  -68.86073 
  530311 83.90556  -68.86188 
  530311 83.91267  -68.86177 
  530311 83.9151   -68.86292 
  530311 83.89831  -68.86431 
  530311 83.91437  -68.86036 
  530311 83.91489  -68.86094 
  530311 83.9078   -68.861115
  530311 83.92057  -68.86486 
  530311 83.89244  -68.86638 
  530311 83.919624 -68.867096
  530311 83.89498  -68.86742 
  530311 83.89553  -68.86954 
  530311 83.6599   -69.49121 
  530311 83.92157  -68.87261 
  530311 83.77841  -69.02004 
  530311 83.81749  -69.00715 
  530311 83.78134  -69.03028 
  530311 83.772705 -69.032074
  530311 83.75416  -69.033714
  530311 83.80051  -69.01986 
  530311 83.80312  -69.02198 
  530311 83.79727  -69.022964
  530311 83.803345 -69.02481 
  530311 83.8009   -69.02739 
  530311 83.854866 -69.0094  
  530311 83.76235  -69.042946
  530311 83.801025 -69.031746
  530311 83.80388  -69.03327 
  530311 83.81693  -69.03339 
  530311 83.81008  -69.033485
  530311 83.816536 -69.03518 
  530311 83.85262  -69.01677 
  530311 83.83769  -69.021805
  530311 83.80626  -69.03659 
  530311 83.921165 -68.963974
  530311 83.88948  -68.97632 
  530311 83.90784  -68.97645 
  530311 83.912766 -68.9802  
  530311 83.89433  -68.980515
  530311 83.886696 -68.98149 
  530311 83.905624 -68.98236 
  530311 83.91402  -68.98188 
  530311 83.91049  -68.9818  
  530311 83.903595 -68.98293 
  530311 83.90817  -68.98258 
  530311 83.90788  -68.981606
  530311 83.910065 -68.99929 
  530311 83.909065 -69.000565
  530311 83.92123  -69.00079 
  530311 83.902466 -69.003204
  530311 83.90249  -69.00257 
  530311 83.92087  -69.00583 
  530311 83.91711  -69.0055  
  530311 83.90829  -69.00542 
  530311 83.913376 -69.00932 
  530311 83.110916 -69.22713 
  530311 83.110634 -69.23976 
  530311 83.73538  -69.323296
  530311 83.73438  -69.3263  
  530311 83.7598   -69.31057 
  530311 83.75302  -69.32482 
  530311 83.77951  -69.32542 
  530311 83.7781   -69.321655
  530311 83.75475  -69.327034
  530311 83.74773  -69.328156
  530311 83.76337  -69.32991 
  530311 83.77332  -69.327934
  530311 83.78091  -69.33081 
  530311 83.7755   -69.33015 
  530311 83.7768   -69.329216
  530311 83.77267  -69.32979 
  530311 83.76272  -69.33159 
  530311 83.76567  -69.33212 
  530311 83.78531  -69.336205
  530311 83.76318  -69.33584 
  530311 83.7333   -69.45515 
  530311 83.738785 -69.45564 
  530311 83.71597  -69.45513 
  530311 83.70635  -69.45959 
  530311 83.72586  -69.4608  
  530311 83.72858  -69.46033 
  530311 83.71491  -69.4601  
  530311 83.715126 -69.46279 
  530311 83.72347  -69.46232 
  530311 83.72906  -69.46274 
  530311 83.73632  -69.4626  
  530311 83.72738  -69.47034 
  530311 83.7382   -69.472916
  530311 83.71569  -69.47496 
  530311 83.71494  -69.477036
  530311 83.704475 -69.47838 
  530311 83.38152  -69.308105
  530311 83.70801  -69.479996
  530311 83.71433  -69.480064
  530311 83.9474   -68.86223 
  530311 83.93517  -68.86305 
  530311 83.94325  -68.86436 
  530311 83.76203  -69.46766 
  530311 83.77137  -69.468834
  530311 83.938934 -68.8708  
  530311 83.75759  -69.470505
  530311 83.67282  -69.48278 
  530311 83.644455 -68.83801 
  530311 83.64256  -68.84116 
  530311 83.64159  -68.84221 
  530311 84.02453  -68.886215
  530311 84.024124 -68.88961 
  530311 83.99856  -68.919075
  530311 83.96337  -68.96891 
  530311 83.96406  -68.96957 
  530311 84.01195  -68.90984 
  530311 84.0172   -68.91081 
  530311 84.01153  -68.91199 
  530311 83.96141  -68.97637 
  530311 83.964424 -68.97437 
  530311 84.0352   -68.91618 
  530311 84.030396 -68.90985 
  530311 84.03713  -68.915215
  530311 84.04235  -68.91572 
  530311 84.03327  -68.91135 
  530311 84.03762  -68.910934
  530311 84.04005  -68.90978 
  530311 84.022545 -68.91894 
  530311 83.96162  -68.98477 
  530311 83.95493  -68.98405 
  530311 83.95452  -68.987946
  530311 83.963974 -68.98821 
  530311 84.036026 -68.919044
  530311 84.04385  -68.919106
  530311 83.95793  -68.98977 
  530311 84.013054 -68.92098 
  530311 84.03105  -68.92115 
  530311 84.0186   -68.92298 
  530311 84.031456 -68.92209 
  530311 84.02644  -68.92292 
  530311 83.98886  -68.974205
  530311 83.98373  -68.977066
  530311 83.988464 -68.97803 
  530311 83.99612  -68.98222 
  530311 83.99018  -68.98374 
  530311 83.992226 -68.985855
  530311 84.057526 -68.89812 
  530311 84.062675 -68.89903 
  530311 83.98267  -68.985054
  530311 83.97961  -68.98236 
  530311 83.993004 -68.98881 
  530311 84.05672  -68.9046  
  530311 84.06304  -68.90352 
  530311 84.060135 -68.905426
  530311 84.06689  -68.91018 
  530311 84.062256 -68.91418 
  530311 84.05506  -68.90804 
  530311 84.054825 -68.91264 
  530311 84.05047  -68.90816 
  530311 83.8789   -68.85183 
  530311 83.36812  -69.17984 
  530311 83.36473  -69.18008 
  530311 83.36079  -69.18052 
  530311 83.8831   -68.856445
  530311 83.880905 -68.857735
  530311 84.09428  -69.08672 
  530311 84.10276  -69.08784 
  530311 84.113106 -69.09091 
  530311 84.100464 -69.09426 
  530311 84.10502  -69.09594 
  530311 84.687675 -69.01866 
  530311 84.09233  -69.097496
  530311 84.6804   -69.02088 
  530311 84.66323  -69.028   
  530311 84.04481  -69.1079  
  530311 84.671196 -69.029434
  530311 84.66982  -69.03025 
  530311 84.66452  -69.02841 
  530311 84.67297  -69.03171 
  530311 84.67442  -69.03302 
  530311 84.679634 -69.03223 
  530311 83.961586 -69.20012 
  530311 84.664566 -69.041916
  530311 84.106895 -69.10331 
  530311 84.10201  -69.10587 
  530311 84.103836 -69.1053  
  530311 84.08849  -69.10844 
  530311 83.96363  -69.201485
  530311 84.08682  -69.110306
  530311 84.10688  -69.11098 
  530311 83.98215  -69.18194 
  530311 83.98674  -69.18748 
  530311 83.98086  -69.19234 
  530311 84.00344  -69.20206 
  530311 83.98652  -69.19313 
  530311 84.00139  -69.19426 
  530311 83.98082  -69.19437 
  530311 83.9986   -69.19519 
  530311 83.98098  -69.20008 
  530311 84.16288  -69.14683 
  530311 84.157845 -69.14773 
  530311 83.9892   -69.200325
  530311 83.9967   -69.201195
  530311 83.97894  -69.201324
  530311 83.999435 -69.2024  
  530311 84.00196  -69.19942 
  530311 83.99203  -69.19896 
  530311 84.00351  -69.19911 
  530311 83.99142  -69.19857 
  530311 84.00289  -69.19428 
  530311 84.00316  -69.198074
  530311 83.993996 -69.199425
  530311 84.002365 -69.19733 
  530311 83.99978  -69.19739 
  530311 83.99541  -69.19831 
  530311 83.999016 -69.198425
  530311 83.99651  -69.19857 
  530311 83.99416  -69.19773 
  530311 84.16139  -69.147545
  530311 84.16002  -69.147354
  530311 84.16401  -69.14713 
  530311 83.99894  -69.197914
  530311 83.97982  -69.20318 
  530311 84.00355  -69.20563 
  530311 84.5124   -69.074104
  530311 84.041336 -69.12552 
  530311 84.04631  -69.12684 
  530311 84.04105  -69.126976
  530311 84.1948   -69.157   
  530311 84.16101  -69.1575  
  530311 84.1633   -69.1594  
  530311 84.66742  -69.020096
  530311 84.52786  -69.06647 
  530311 84.52952  -69.07075 
  530311 84.0677   -69.07934 
  530311 84.08128  -69.08281 
  530311 84.07332  -69.080666
  530311 84.07907  -69.08174 
  530311 84.062416 -69.08578 
  530311 84.09366  -69.11224 
  530311 84.54713  -69.080345
  530311 84.54265  -69.08464 
  530311 84.093666 -69.11868 
  530311 84.68149  -69.108025
  530311 84.68553  -69.10802 
  530311 84.67836  -69.10905 
  530311 84.67775  -69.10997 
  530311 84.67947  -69.110275
  530311 84.67222  -69.111206
  530311 84.67437  -69.11357 
  530311 84.67126  -69.11433 
  530311 84.68166  -69.11423 
  530311 84.674965 -69.11487 
  530311 83.99182  -69.21102 
  530311 83.99758  -69.21262 
  530311 84.05388  -69.09101 
  530311 84.165634 -69.16783 
  530311 84.664825 -69.11815 
  530311 84.66595  -69.1197  
  530311 84.16126  -69.17223 
  530311 84.201775 -69.162506
  530311 84.07304  -69.09347 
  530311 83.79327  -69.007484
  530311 84.20003  -69.16431 
  530311 84.54344  -69.08824 
  530311 83.79341  -69.01961 
  530311 84.195915 -69.175316
  530311 83.92636  -68.863686
  530311 83.78999  -69.02969 
  530311 83.93096  -68.86225 
  530311 83.92522  -68.85696 
  530311 83.93193  -68.86267 
  530311 83.92954  -68.86565 
  530311 84.16577  -69.176056
  530311 84.16763  -69.17783 
  530311 84.142426 -69.14003 
  530311 84.16968  -69.147354
  530311 84.348465 -69.12337 
  530311 84.15725  -69.149574
  530311 84.14053  -69.151436
  530311 84.190125 -69.15188 
  530311 84.13193  -69.15248 
  530311 84.136375 -69.15667 
  530311 84.184395 -69.14864 
  530311 84.13234  -69.15889 
  530311 84.1377   -69.16207 
  530311 84.63345  -69.01379 
  530311 84.01905  -69.17924 
  530311 84.01868  -69.180595
  530311 84.44294  -69.13909 
  530311 84.02939  -69.18259 
  530311 84.02664  -69.18605 
  530311 84.04798  -69.10023 
  530311 84.144775 -69.1599  
  530311 84.17035  -69.1644  
  530311 84.18859  -69.16585 
  530311 84.141045 -69.16729 
  530311 84.16994  -69.16753 
  530311 84.14969  -69.16849 
  530311 84.127686 -69.169586
  530311 84.029884 -69.18823 
  530311 84.030754 -69.18933 
  530311 84.18862  -69.17089 
  530311 84.128174 -69.17307 
  530311 84.0193   -69.1905  
  530311 84.03114  -69.191795
  530311 84.027084 -69.19923 
  530311 84.0302   -69.200066
  530311 84.03019  -69.20115 
  530311 84.14602  -69.17575 
  530311 84.07333  -69.10922 
  530311 84.04994  -69.11133 
  530311 84.05597  -69.112854
  530311 84.07811  -69.114   
  530311 84.56484  -69.06138 
  530311 84.083565 -69.11197 
  530311 84.02039  -69.20165 
  530311 84.07934  -69.11594 
  530311 84.019455 -69.20273 
  530311 84.01605  -69.20236 
  530311 84.02693  -69.190895
  530311 84.04054  -69.19216 
  530311 84.03173  -69.19413 
  530311 84.032234 -69.19326 
  530311 84.16223  -69.18482 
  530311 84.009026 -69.19643 
  530311 84.57646  -69.06192 
  530311 84.017075 -69.19594 
  530311 84.02656  -69.19654 
  530311 84.03199  -69.197075
  530311 84.01661  -69.19866 
  530311 84.03741  -69.199486
  530311 84.01524  -69.19994 
  530311 84.07733  -69.11916 
  530311 84.063675 -69.116066
  530311 84.14611  -69.17448 
  530311 84.129166 -69.17625 
  530311 84.02967  -69.197784
  530311 84.0418   -69.19871 
  530311 84.0095   -69.19971 
  530311 84.042336 -69.19368 
  530311 84.04004  -69.19476 
  530311 84.03856  -69.19609 
  530311 84.06659  -69.11838 
  530311 84.06492  -69.11671 
  530311 84.11859  -69.14977 
  530311 84.02256  -69.196495
  530311 84.0451   -69.19786 
  530311 84.037155 -69.20147 
  530311 84.03445  -69.201935
  530311 84.03828  -69.203354
  530311 84.60664  -69.061516
  530311 84.14291  -69.18035 
  530311 84.144875 -69.18062 
  530311 84.5625   -69.07534 
  530311 84.61666  -69.069275
  530311 84.02888  -69.20433 
  530311 84.43628  -69.155045
  530311 84.6074   -69.073685
  530311 84.01156  -69.20605 
  530311 84.01896  -69.2062  
  530311 84.44964  -69.15314 
  530311 84.45135  -69.15421 
  530311 84.611984 -69.071625
  530311 84.04808  -69.125   
  530311 84.44059  -69.15369 
  530311 84.45331  -69.15439 
  530311 84.04949  -69.13207 
  530311 84.58127  -69.076004
  530311 84.576965 -69.07887 
  530311 84.57224  -69.079956
  530311 84.57124  -69.08049 
  530311 84.568954 -69.08144 
  530311 84.44615  -69.15212 
  530311 84.446205 -69.153206
  530311 84.44915  -69.154106
  530311 84.44454  -69.1531  
  530311 84.03843  -69.20585 
  530311 84.61697  -69.07726 
  530311 84.58087  -69.06753 
  530311 84.02958  -69.21347 
  530311 84.56669  -69.065186
  530311 84.61267  -69.079666
  530311 84.03606  -69.21288 
  530311 84.03783  -69.211754
  530311 84.04526  -69.20888 
  530311 84.58283  -69.08166 
  530311 84.57965  -69.08282 
  530311 84.4513   -69.16859 
  530311 84.56347  -69.08347 
  530311 84.575905 -69.08418 
  530311 84.11392  -69.169205
  530311 84.60927  -69.08384 
  530311 84.59879  -69.08432 
  530311 83.25562  -69.17345 
  530311 84.10613  -69.17217 
  530311 84.04304  -69.218414
  530311 84.593445 -69.08927 
  530311 84.01486  -69.219734
  530311 84.10891  -69.17568 
  530311 84.116714 -69.17676 
  530311 83.927536 -68.964   
  530311 84.02536  -69.24421 
  530311 84.0273   -69.24492 
  530311 84.02722  -69.24441 
  530311 84.10354  -69.191734
  530311 84.10219  -69.19068 
  530311 84.121086 -69.192375
  530311 83.99559  -69.26119 
  530311 84.38593  -69.11133 
  530311 84.37049  -69.11469 
  530311 84.03867  -69.24891 
  530311 84.03631  -69.24992 
  530311 84.37027  -69.11847 
  530311 84.019936 -69.252174
  530311 84.04419  -69.25687 
  530311 84.04031  -69.25848 
  530311 84.03799  -69.25951 
  530311 84.01982  -69.2601  
  530311 84.03455  -69.25803 
  530311 84.0386   -69.26598 
  530311 84.03221  -69.26614 
  530311 84.02675  -69.26813 
  530311 84.093216 -69.193535
  530311 84.04113  -69.270164
  530311 84.04376  -69.27162 
  530311 84.04248  -69.26901 
  530311 83.924614 -68.99028 
  530311 83.924736 -68.994576
  530311 84.00934  -69.2742  
  530311 84.03107  -69.27403 
  530311 84.017265 -69.27813 
  530311 84.48736  -69.13922 
  530311 83.92998  -69.00732 
  530311 84.02529  -69.28064 
  530311 84.099464 -69.204765
  530311 84.10077  -69.20571 
  530311 84.054405 -69.18263 
  530311 83.99848  -69.27766 
  530311 84.09129  -69.20649 
  530311 84.0534   -69.18629 
  530311 84.0958   -69.209175
  530311 84.69333  -69.00818 
  530311 83.74389  -69.31433 
  530311 83.98723  -69.28384 
  530311 84.49119  -69.14688 
  530311 83.98029  -69.28495 
  530311 84.03379  -69.28873 
  530311 84.48482  -69.147995
  530311 84.93595  -69.23874 
  530311 84.93781  -69.2394  
  530311 84.945984 -69.24014 
  530311 84.01861  -69.29136 
  530311 84.03827  -69.292595
  530311 84.0169   -69.293785
  530311 84.093    -69.20678 
  530311 84.00979  -69.29373 
  530311 84.931625 -69.25097 
  530311 84.944565 -69.25062 
  530311 84.479256 -69.14862 
  530311 84.49274  -69.15542 
  530311 84.06258  -69.19415 
  530311 84.4664   -69.15577 
  530311 84.07189  -69.19398 
  530311 84.07422  -69.193825
  530311 84.03303  -69.29767 
  530311 84.08011  -69.196075
  530311 83.39483  -69.29912 
  530311 83.99215  -69.29568 
  530311 84.06671  -69.19746 
  530311 84.07188  -69.198006
  530311 84.08205  -69.19879 
  530311 84.49149  -69.16501 
  530311 84.08403  -69.19999 
  530311 84.05219  -69.18906 
  530311 84.05631  -69.19456 
  530311 84.0598   -69.19626 
  530311 84.05908  -69.19781 
  530311 84.061226 -69.19866 
  530311 84.054054 -69.19862 
  530311 84.05095  -69.19957 
  530311 84.05528  -69.20029 
  530311 84.057205 -69.19745 
  530311 84.05568  -69.19821 
  530311 84.91728  -69.26263 
  530311 84.053986 -69.18959 
  530311 84.05324  -69.19312 
  530311 84.05468  -69.197716
  530311 84.91594  -69.26395 
  530311 84.05285  -69.18972 
  530311 84.05717  -69.196754
  530311 84.05093  -69.19825 
  530311 84.05256  -69.19708 
  530311 84.05068  -69.197266
  530311 84.0516   -69.197655
  530311 84.93019  -69.26482 
  530311 84.93423  -69.265045
  530311 84.06102  -69.19188 
  530311 84.05047  -69.19529 
  530311 84.04859  -69.1963  
  530311 83.40422  -69.3052  
  530311 83.39362  -69.30745 
  530311 84.07166  -69.2069  
  530311 84.07766  -69.20704 
  530311 84.07715  -69.207535
  530311 84.06847  -69.2102  
  530311 84.08218  -69.20918 
  530311 84.064255 -69.212685
  530311 84.33472  -69.22301 
  530311 84.2732   -69.25086 
  530311 84.08462  -69.21427 
  530311 84.07392  -69.214294
  530311 84.05554  -69.21014 
  530311 84.0511   -69.202286
  530311 84.0487   -69.20259 
  530311 84.07199  -69.217705
  530311 84.32313  -69.22888 
  530311 84.927025 -69.27137 
  530311 84.933846 -69.27484 
  530311 84.05212  -69.222435
  530311 84.924416 -69.27595 
  530311 84.931526 -69.277145
  530311 84.91403  -69.27704 
  530311 84.93498  -69.27812 
  530311 84.33114  -69.23354 
  530311 84.06055  -69.22538 
  530311 83.342674 -69.18334 
  530311 84.91477  -69.28494 
  530311 84.94259  -69.28806 
  530311 84.273865 -69.25545 
  530311 84.33149  -69.23778 
  530311 84.33978  -69.24211 
  530311 84.34112  -69.24179 
  530311 84.328476 -69.242966
  530311 84.32472  -69.24388 
  530311 84.05404  -69.255264
  530311 84.32013  -69.24715 
  530311 83.793396 -69.32408 
  530311 84.15749  -69.30208 
  530311 83.78993  -69.32903 
  530311 84.186    -69.30318 
  530311 84.15214  -69.30464 
  530311 83.78702  -69.33278 
  530311 84.16904  -69.3084  
  530311 84.06144  -69.26482 
  530311 84.146996 -69.30828 
  530311 84.05656  -69.26537 
  530311 84.050316 -69.267006
  530311 84.05208  -69.26683 
  530311 84.18842  -69.31004 
  530311 84.34546  -69.24612 
  530311 84.18797  -69.31386 
  530311 84.338806 -69.251686
  530311 84.16995  -69.31433 
  530311 84.33876  -69.25429 
  530311 84.04365  -69.38729 
  530311 84.041824 -69.393   
  530311 84.342575 -69.26391 
  530311 84.04697  -69.27464 
  530311 84.051025 -69.27402 
  530311 84.4769   -69.16154 
  530311 84.46392  -69.16298 
  530311 84.04531  -69.40563 
  530311 84.03298  -69.40221 
  530311 84.01011  -69.4043  
  530311 84.02031  -69.404175
  530311 84.023705 -69.40637 
  530311 84.348    -69.26873 
  530311 84.318016 -69.26957 
  530311 84.00927  -69.408966
  530311 84.04183  -69.40906 
  530311 84.01698  -69.40899 
  530311 84.035934 -69.41019 
  530311 84.03827  -69.410164
  530311 84.04391  -69.411606
  530311 84.01943  -69.41286 
  530311 84.02429  -69.413956
  530311 84.3123   -69.27023 
  530311 84.33438  -69.27306 
  530311 84.321205 -69.27343 
  530311 84.36418  -69.23074 
  530311 84.18273  -69.30344 
  530311 84.025375 -69.41828 
  530311 84.020355 -69.41878 
  530311 84.16576  -69.30422 
  530311 84.177055 -69.30363 
  530311 84.04533  -69.421394
  530311 84.16682  -69.308365
  530311 83.64411  -69.420784
  530311 84.2034   -69.31056 
  530311 84.926094 -69.375885
  530311 84.021774 -69.42259 
  530311 84.933426 -69.38224 
  530311 84.926765 -69.38358 
  530311 84.03038  -69.428444
  530311 84.16261  -69.31424 
  530311 84.16635  -69.31278 
  530311 84.93646  -69.389145
  530311 84.93957  -69.389725
  530311 84.93441  -69.39354 
  530311 84.37815  -69.234146
  530311 84.944534 -69.39658 
  530311 84.92764  -69.39664 
  530311 84.74731  -69.470406
  530311 84.97425  -69.24154 
  530311 84.93317  -69.3987  
  530311 84.92742  -69.39814 
  530311 84.99036  -69.24268 
  530311 84.75176  -69.471664
  530311 84.99027  -69.24442 
  530311 84.91458  -69.39986 
  530311 84.912094 -69.400185
  530311 84.91653  -69.40061 
  530311 84.91289  -69.40148 
  530311 84.74096  -69.47371 
  530311 84.73844  -69.473885
  530311 84.91612  -69.403984
  530311 84.95726  -69.24957 
  530311 84.91782  -69.406166
  530311 84.74156  -69.47772 
  530311 84.76734  -69.47715 
  530311 84.90952  -69.40736 
  530311 84.379715 -69.242615
  530311 84.36588  -69.24526 
  530311 84.19513  -69.315865
  530311 84.92413  -69.40842 
  530311 84.944    -69.40908 
  530311 84.97527  -69.255   
  530311 84.90707  -69.40941 
  530311 84.73888  -69.48138 
  530311 84.98579  -69.25575 
  530311 84.98785  -69.25742 
  530311 84.7779   -69.481895
  530311 84.69332  -69.091896
  530311 84.77684  -69.48267 
  530311 84.77826  -69.48322 
  530311 84.73873  -69.48472 
  530311 84.97144  -69.25971 
  530311 84.975365 -69.25921 
  530311 84.71689  -69.09274 
  530311 84.67491  -69.29434 
  530311 84.67075  -69.29709 
  530311 84.37417  -69.24923 
  530311 84.37707  -69.24856 
  530311 84.39616  -69.24951 
  530311 84.676155 -69.302795
  530311 84.39174  -69.25147 
  530311 84.69432  -69.09366 
  530311 84.710014 -69.093956
  530311 84.713165 -69.09497 
  530311 84.71585  -69.09637 
  530311 84.71264  -69.09855 
  530311 84.71093  -69.09851 
  530311 84.71334  -69.09982 
  530311 84.715675 -69.100334
  530311 84.70944  -69.101234
  530311 84.20873  -69.31755 
  530311 84.72018  -69.10335 
  530311 84.70578  -69.10428 
  530311 84.704346 -69.10545 
  530311 84.69867  -69.10743 
  530311 84.000465 -69.40902 
  530311 84.37813  -69.255226
  530311 84.7535   -69.485344
  530311 84.73782  -69.4857  
  530311 84.93746  -69.41412 
  530311 84.76528  -69.48685 
  530311 84.65509  -69.313156
  530311 84.9455   -69.41668 
  530311 84.91834  -69.41808 
  530311 84.9327   -69.41815 
  530311 84.971214 -69.2584  
  530311 84.93043  -69.419426
  530311 84.96912  -69.261986
  530311 84.93441  -69.42166 
  530311 84.938644 -69.422325
  530311 84.442055 -69.320335
  530311 84.75782  -69.49021 
  530311 84.75239  -69.48817 
  530311 84.75685  -69.488266
  530311 84.7549   -69.49154 
  530311 84.75351  -69.48973 
  530311 84.753136 -69.491554
  530311 84.74957  -69.493706
  530311 83.98339  -69.41424 
  530311 84.61597  -69.28886 
  530311 84.665276 -69.31742 
  530311 84.980415 -69.27148 
  530311 84.97163  -69.274956
  530311 84.97601  -69.2743  
  530311 84.98223  -69.27386 
  530311 84.98652  -69.2736  
  530311 84.98409  -69.27267 
  530311 84.96303  -69.27769 
  530311 83.99721  -69.41582 
  530311 83.98899  -69.41432 
  530311 83.99044  -69.414696
  530311 83.99436  -69.415   
  530311 83.99222  -69.41383 
  530311 84.622795 -69.29297 
  530311 83.99438  -69.41274 
  530311 84.17147  -69.365074
  530311 84.188324 -69.366264
  530311 84.60597  -69.29365 
  530311 84.76835  -69.48717 
  530311 84.76695  -69.48812 
  530311 84.77203  -69.4897  
  530311 84.76728  -69.48947 
  530311 84.76985  -69.49276 
  530311 84.6044   -69.2974  
  530311 84.755745 -69.49276 
  530311 84.758575 -69.492744
  530311 84.770325 -69.49382 
  530311 84.75625  -69.49448 
  530311 84.599594 -69.29855 
  530311 84.77822  -69.49551 
  530311 84.734695 -69.49647 
  530311 84.73409  -69.49922 
  530311 84.74817  -69.49985 
  530311 84.627556 -69.300316
  530311 84.74202  -69.503136
  530311 84.761696 -69.50431 
  530311 83.98907  -69.4201  
  530311 84.621895 -69.30035 
  530311 84.90879  -69.46457 
  530311 84.600174 -69.300476
  530311 84.62134  -69.30348 
  530311 84.91913  -69.46707 
  530311 83.99612  -69.42498 
  530311 84.91219  -69.47336 
  530311 84.121704 -69.375015
  530311 84.90946  -69.47776 
  530311 84.44461  -69.326096
  530311 84.91867  -69.47902 
  530311 84.909195 -69.47938 
  530311 84.92339  -69.47673 
  530311 84.155136 -69.371445
  530311 84.14119  -69.37462 
  530311 84.16941  -69.37691 
  530311 84.13907  -69.37982 
  530311 84.14411  -69.37714 
  530311 84.14945  -69.37819 
  530311 84.14616  -69.37822 
  530311 84.636375 -69.310265
  530311 84.60443  -69.311104
  530311 84.12012  -69.381615
  530311 84.45186  -69.32973 
  530311 84.42608  -69.333405
  530311 84.153564 -69.37905 
  530311 84.149086 -69.37905 
  530311 84.15478  -69.379974
  530311 84.152626 -69.37977 
  530311 84.1481   -69.37762 
  530311 84.144196 -69.376816
  530311 84.5994   -69.31733 
  530311 84.33787  -69.332954
  530311 84.333336 -69.333954
  530311 84.42827  -69.333145
  530311 84.42883  -69.3355  
  530311 84.45318  -69.335625
  530311 84.03728  -69.488075
  530311 84.18434  -69.37666 
  530311 84.17001  -69.378   
  530311 84.34859  -69.34233 
  530311 84.59407  -69.31863 
  530311 84.59833  -69.32015 
  530311 84.11967  -69.38742 
  530311 84.44604  -69.327225
  530311 84.348495 -69.34076 
  530311 84.44229  -69.33655 
  530311 84.34442  -69.34137 
  530311 84.592834 -69.31802 
  530311 84.62396  -69.31958 
  530311 84.4433   -69.33334 
  530311 84.43246  -69.33731 
  530311 84.436714 -69.33823 
  530311 84.43426  -69.33392 
  530311 84.44275  -69.33499 
  530311 84.13466  -69.38172 
  530311 84.133125 -69.381966
  530311 84.14768  -69.38347 
  530311 84.14048  -69.38356 
  530311 84.13407  -69.38524 
  530311 84.15559  -69.38453 
  530311 84.15436  -69.38482 
  530311 84.13821  -69.38571 
  530311 84.132195 -69.386795
  530311 84.33862  -69.34893 
  530311 84.6281   -69.32167 
  530311 84.14571  -69.38781 
  530311 84.141624 -69.38831 
  530311 84.43132  -69.33522 
  530311 84.43551  -69.33442 
  530311 84.33226  -69.35103 
  530311 84.630135 -69.32408 
  530311 84.59302  -69.32427 
  530311 84.16909  -69.38255 
  530311 84.183945 -69.38496 
  530311 84.1433   -69.38613 
  530311 84.138145 -69.39094 
  530311 84.9141   -69.48484 
  530311 84.91068  -69.49102 
  530311 84.91434  -69.49198 
  530311 84.423744 -69.34124 
  530311 84.04498  -69.494026
  530311 84.43978  -69.34053 
  530311 84.52497  -69.356834
  530311 84.518745 -69.35848 
  530311 84.914825 -69.49809 
  530311 84.911674 -69.498955
  530311 84.51254  -69.360664
  530311 84.43705  -69.35301 
  530311 84.45305  -69.34793 
  530311 84.129265 -69.38646 
  530311 84.88479  -69.478386
  530311 84.88323  -69.485596
  530311 84.31726  -69.36805 
  530311 84.31937  -69.36835 
  530311 84.32172  -69.36851 
  530311 84.33195  -69.36965 
  530311 84.08754  -69.406975
  530311 84.87485  -69.494255
  530311 84.54594  -69.36277 
  530311 84.60802  -69.32879 
  530311 84.450836 -69.349144
  530311 84.44834  -69.34916 
  530311 84.42919  -69.34999 
  530311 84.448265 -69.34717 
  530311 84.43185  -69.342964
  530311 84.96329  -69.378265
  530311 84.97061  -69.378586
  530311 84.97161  -69.38182 
  530311 84.44531  -69.34808 
  530311 84.43546  -69.35271 
  530311 84.44489  -69.34723 
  530311 84.977135 -69.382935
  530311 84.98891  -69.383965
  530311 84.983284 -69.3841  
  530311 84.5333   -69.366974
  530311 84.54392  -69.36694 
  530311 84.55321  -69.36761 
  530311 84.96742  -69.38636 
  530311 84.96669  -69.387344
  530311 84.96166  -69.39019 
  530311 84.53825  -69.36856 
  530311 84.958534 -69.38598 
  530311 84.96015  -69.38572 
  530311 84.9655   -69.39096 
  530311 84.97469  -69.390785
  530311 84.95507  -69.39192 
  530311 84.98936  -69.392044
  530311 84.312996 -69.37347 
  530311 84.989395 -69.393524
  530311 84.32028  -69.373924
  530311 84.32547  -69.37643 
  530311 84.322655 -69.37647 
  530311 84.54476  -69.37127 
  530311 84.96472  -69.39611 
  530311 84.5297   -69.371155
  530311 84.54067  -69.3718  
  530311 84.960846 -69.39729 
  530311 84.55455  -69.37218 
  530311 84.55357  -69.36978 
  530311 84.030266 -69.50686 
  530311 84.960205 -69.40018 
  530311 84.95879  -69.400986
  530311 84.524796 -69.37137 
  530311 84.52364  -69.37074 
  530311 84.030785 -69.50788 
  530311 84.516136 -69.372375
  530311 84.31654  -69.38015 
  530311 84.312386 -69.38099 
  530311 84.09953  -69.435715
  530311 84.525375 -69.37483 
  530311 84.32344  -69.38177 
  530311 84.51605  -69.37625 
  530311 84.31355  -69.38318 
  530311 84.33938  -69.383934
  530311 84.52142  -69.37816 
  530311 84.094986 -69.43844 
  530311 84.33188  -69.384445
  530311 84.31441  -69.385826
  530311 84.325966 -69.38578 
  530311 84.119774 -69.441536
  530311 84.106224 -69.442215
  530311 84.101456 -69.44269 
  530311 84.119446 -69.443596
  530311 84.10772  -69.444374
  530311 84.38133  -69.33836 
  530311 84.1083   -69.44846 
  530311 84.116066 -69.44942 
  530311 84.029915 -69.50984 
  530311 84.04132  -69.50634 
  530311 84.15867  -69.36409 
  530311 84.03853  -69.50715 
  530311 84.54908  -69.38189 
  530311 84.08712  -69.45531 
  530311 84.09192  -69.454895
  530311 84.38865  -69.34343 
  530311 84.16055  -69.36323 
  530311 84.08926  -69.45622 
  530311 84.16625  -69.36717 
  530311 84.190605 -69.416954
  530311 84.98393  -69.40091 
  530311 84.98243  -69.40052 
  530311 84.982956 -69.40127 
  530311 84.182884 -69.37014 
  530311 84.10433  -69.45826 
  530311 84.102936 -69.45822 
  530311 84.1128   -69.45817 
  530311 84.113014 -69.45865 
  530311 84.09359  -69.45958 
  530311 84.28559  -69.24089 
  530311 84.28394  -69.24107 
  530311 84.97856  -69.40285 
  530311 84.96475  -69.40364 
  530311 84.3213   -69.38608 
  530311 84.36723  -69.34583 
  530311 84.963684 -69.40407 
  530311 84.32617  -69.386826
  530311 84.97319  -69.4044  
  530311 84.97089  -69.40541 
  530311 84.97503  -69.40591 
  530311 84.96974  -69.40817 
  530311 84.96265  -69.40602 
  530311 84.32214  -69.39165 
  530311 84.16667  -69.37087 
  530311 84.96447  -69.40882 
  530311 84.96121  -69.40763 
  530311 84.18476  -69.423454
  530311 84.98864  -69.40412 
  530311 84.97676  -69.409676
  530311 84.97991  -69.41106 
  530311 84.98137  -69.40832 
  530311 84.11991  -69.46166 
  530311 84.980354 -69.405754
  530311 84.98838  -69.409676
  530311 84.98475  -69.405876
  530311 84.377426 -69.351135
  530311 84.991035 -69.404625
  530311 84.97558  -69.40987 
  530311 84.958626 -69.41308 
  530311 84.990326 -69.4132  
  530311 84.99157  -69.412926
  530311 84.96619  -69.4139  
  530311 84.95679  -69.41558 
  530311 84.97743  -69.41642 
  530311 84.97823  -69.414604
  530311 84.98019  -69.41471 
  530311 84.33375  -69.392914
  530311 84.96753  -69.414696
  530311 84.967514 -69.41699 
  530311 84.970604 -69.41749 
  530311 84.96851  -69.41841 
  530311 84.98747  -69.417046
  530311 84.98972  -69.417534
  530311 84.273674 -69.38171 
  530311 84.26232  -69.38176 
  530311 84.10848  -69.46517 
  530311 84.97691  -69.41992 
  530311 84.97166  -69.42131 
  530311 84.97509  -69.42205 
  530311 84.98963  -69.42444 
  530311 84.16277  -69.38042 
  530311 84.09507  -69.462715
  530311 84.090126 -69.46495 
  530311 84.10612  -69.4609  
  530311 84.09292  -69.46466 
  530311 84.97339  -69.42514 
  530311 84.978065 -69.42665 
  530311 84.34036  -69.39689 
  530311 84.979126 -69.42779 
  530311 84.10246  -69.46706 
  530311 84.385254 -69.35587 
  530311 84.372116 -69.35747 
  530311 84.989845 -69.426216
  530311 84.16764  -69.3788  
  530311 84.16531  -69.38028 
  530311 84.16674  -69.37953 
  530311 84.18565  -69.42982 
  530311 84.17374  -69.38037 
  530311 84.33775  -69.397285
  530311 84.32368  -69.39872 
  530311 84.98149  -69.429855
  530311 84.34225  -69.399826
  530311 84.263535 -69.38209 
  530311 84.33309  -69.40068 
  530311 84.562836 -69.36452 
  530311 83.42295  -69.3078  
  530311 84.56254  -69.36657 
  530311 84.270164 -69.3847  
  530311 84.2701   -69.38788 
  530311 84.26707  -69.39018 
  530311 84.15358  -69.43606 
  530311 84.136    -69.4411  
  530311 84.18516  -69.440475
  530311 84.134056 -69.4428  
  530311 84.12893  -69.44432 
  530311 84.26617  -69.39342 
  530311 84.1509   -69.44583 
  530311 84.13891  -69.446365
  530311 84.28816  -69.26482 
  530311 84.147095 -69.44824 
  530311 84.19072  -69.447685
  530311 84.12905  -69.453255
  530311 84.12747  -69.45648 
  530311 84.468094 -69.33284 
  530311 84.17406  -69.384125
  530311 84.13353  -69.45428 
  530311 84.13033  -69.45517 
  530311 84.28515  -69.269356
  530311 84.13163  -69.45778 
  530311 84.133224 -69.4573  
  530311 84.17421  -69.38528 
  530311 84.470566 -69.3371  
  530311 84.28255  -69.2746  
  530311 84.96014  -69.4276  
  530311 84.98053  -69.430145
  530311 84.291504 -69.27653 
  530311 84.290115 -69.2782  
  530311 84.07051  -69.393074
  530311 84.93678  -69.658005
  530311 84.94054  -69.65749 
  530311 84.46603  -69.34023 
  530311 84.07368  -69.39517 
  530311 84.06476  -69.395325
  530311 84.487335 -69.337494
  530311 84.050995 -69.3969  
  530311 84.283775 -69.27732 
  530311 84.29046  -69.27998 
  530311 84.480675 -69.34569 
  530311 84.06213  -69.39706 
  530311 84.29122  -69.28177 
  530311 84.286606 -69.28263 
  530311 84.08176  -69.394104
  530311 84.08372  -69.394936
  530311 84.25184  -69.41436 
  530311 84.0727   -69.39679 
  530311 84.2417   -69.413994
  530311 84.2657   -69.415474
  530311 84.26399  -69.41482 
  530311 84.26294  -69.41625 
  530311 84.25769  -69.41801 
  530311 84.253555 -69.41838 
  530311 84.24039  -69.419754
  530311 84.18617  -69.484566
  530311 84.068565 -69.401886
  530311 84.426636 -69.43633 
  530311 84.20391  -69.41279 
  530311 84.19751  -69.41452 
  530311 84.2431   -69.42097 
  530311 84.18482  -69.48664 
  530311 84.19004  -69.48582 
  530311 84.06058  -69.40157 
  530311 84.05971  -69.40232 
  530311 84.444214 -69.44166 
  530311 84.427765 -69.44631 
  530311 84.08131  -69.40467 
  530311 84.4523   -69.4477  
  530311 84.06857  -69.408226
  530311 84.06628  -69.407555
  530311 84.060356 -69.40881 
  530311 84.19509  -69.42878 
  530311 84.207245 -69.42755 
  530311 84.20475  -69.43114 
  530311 84.20513  -69.4287  
  530311 84.20767  -69.43018 
  530311 84.20094  -69.42961 
  530311 84.20097  -69.428665
  530311 84.204575 -69.42784 
  530311 84.20326  -69.42721 
  530311 84.202774 -69.42822 
  530311 84.20215  -69.43137 
  530311 84.204895 -69.429474
  530311 84.20357  -69.429825
  530311 84.25554  -69.42524 
  530311 84.059044 -69.41385 
  530311 84.253395 -69.43116 
  530311 84.048836 -69.41422 
  530311 84.18394  -69.50142 
  530311 84.18924  -69.501884
  530311 84.17892  -69.434875
  530311 84.1908   -69.49611 
  530311 84.18346  -69.50067 
  530311 84.18595  -69.497154
  530311 84.065506 -69.415596
  530311 84.094025 -69.51228 
  530311 84.07183  -69.41754 
  530311 84.06687  -69.41796 
  530311 84.06968  -69.420074
  530311 84.09772  -69.51809 
  530311 84.44893  -69.45265 
  530311 84.45264  -69.45263 
  530311 84.45393  -69.45495 
  530311 84.25129  -69.435074
  530311 84.25996  -69.432434
  530311 84.17561  -69.435745
  530311 84.07793  -69.44587 
  530311 84.074814 -69.44669 
  530311 84.44733  -69.45538 
  530311 84.44807  -69.45677 
  530311 84.45208  -69.45787 
  530311 84.42734  -69.45791 
  530311 84.3435   -69.46765 
  530311 84.082825 -69.45097 
  530311 84.18068  -69.44006 
  530311 84.325356 -69.470764
  530311 84.339424 -69.47041 
  530311 84.34325  -69.469986
  530311 84.34127  -69.47098 
  530311 84.07078  -69.453995
  530311 84.075905 -69.455894
  530311 84.07619  -69.45689 
  530311 84.44346  -69.46237 
  530311 84.44386  -69.4587  
  530311 84.08274  -69.46197 
  530311 84.077774 -69.466675
  530311 84.076065 -69.46596 
  530311 84.07059  -69.46974 
  530311 84.07519  -69.467094
  530311 84.06916  -69.46969 
  530311 84.065056 -69.46702 
  530311 84.328026 -69.47449 
  530311 84.07285  -69.47462 
  530311 84.07293  -69.47416 
  530311 84.43147  -69.465904
  530311 84.06398  -69.47613 
  530311 84.32302  -69.47893 
  530311 84.98062  -69.60171 
  530311 84.332    -69.483086
  530311 84.06087  -69.49262 
  530311 84.08237  -69.495995
  530311 84.06139  -69.497986
  530311 84.0762   -69.4961  
  530311 84.07328  -69.49772 
  530311 84.07618  -69.50073 
  530311 84.04771  -69.49965 
  530311 84.06793  -69.50009 
  530311 84.062805 -69.50211 
  530311 84.06533  -69.50252 
  530311 84.06661  -69.50454 
  530311 84.06519  -69.50356 
  530311 84.0689   -69.50354 
  530311 84.06709  -69.50148 
  530311 84.07573  -69.50341 
  530311 84.072754 -69.503975
  530311 84.07439  -69.50548 
  530311 84.07046  -69.506615
  530311 84.05722  -69.50639 
  530311 84.07534  -69.50755 
  530311 84.067955 -69.508606
  530311 84.06151  -69.50878 
  530311 84.06734  -69.50766 
  530311 84.05334  -69.514465
  530311 84.05794  -69.514824
  530311 84.08147  -69.51606 
  530311 84.97298  -69.6122  
  530311 84.99055  -69.61156 
  530311 84.08233  -69.51784 
  530311 84.974525 -69.61774 
  530311 84.07874  -69.51893 
  530311 84.32342  -69.48717 
  530311 84.31905  -69.487755
  530311 84.31718  -69.48651 
  530311 84.31541  -69.487724
  530311 84.3258   -69.48962 
  530311 84.330414 -69.491554
  530311 84.31818  -69.492195
  530311 84.3283   -69.49545 
  530311 84.31335  -69.50067 
  530311 84.401924 -69.44192 
  530311 84.405556 -69.44794 
  530311 84.98514  -69.649895
  530311 84.98918  -69.64984 
  530311 84.98103  -69.651184
  530311 84.397995 -69.45142 
  530311 84.39727  -69.45185 
  530311 84.96673  -69.65222 
  530311 84.983246 -69.65413 
  530311 84.990456 -69.654106
  530311 84.98363  -69.65719 
  530311 84.40392  -69.45449 
  530311 84.98509  -69.65828 
  530311 84.96805  -69.65779 
  530311 84.95883  -69.65997 
  530311 84.4013   -69.45387 
  530311 84.9764   -69.65942 
  530311 84.96381  -69.66291 
  530311 84.96     -69.64566 
  530311 84.98761  -69.66944 
  530311 83.46863  -69.303665
  530311 84.28442  -69.37447 
  530311 84.27727  -69.37497 
  530311 84.27719  -69.374115
  530311 84.282425 -69.37788 
  530311 83.6871   -69.46783 
  530311 83.6893   -69.46795 
  530311 83.68799  -69.47235 
  530311 84.29181  -69.48912 
  530311 84.18298  -69.48633 
  530311 84.195114 -69.48744 
  530311 84.2784   -69.38042 
  530311 84.28033  -69.38202 
  530311 83.45739  -69.310814
  530311 84.2881   -69.38745 
  530311 84.20544  -69.49203 
  530311 84.19437  -69.4936  
  530311 84.202034 -69.49634 
  530311 84.2814   -69.39167 
  530311 84.28067  -69.39352 
  530311 84.19978  -69.50196 
  530311 84.19816  -69.50256 
  530311 84.18082  -69.49313 
  530311 84.18176  -69.49403 
  530311 84.1753   -69.49555 
  530311 84.28814  -69.39447 
  530311 84.289856 -69.39623 
  530311 84.2866   -69.392746
  530311 84.29125  -69.39588 
  530311 84.29124  -69.397255
  530311 84.20105  -69.49823 
  530311 84.200165 -69.498886
  530311 84.19765  -69.49943 
  530311 84.18144  -69.498566
  530311 84.19369  -69.4989  
  530311 84.193665 -69.50026 
  530311 84.19528  -69.499374
  530311 84.193756 -69.50116 
  530311 84.19464  -69.49993 
  530311 84.18017  -69.49605 
  530311 84.19372  -69.50535 
  530311 84.22723  -69.419235
  530311 84.22808  -69.42073 
  530311 84.249855 -69.423386
  530311 84.2457   -69.42454 
  530311 84.54284  -69.66083 
  530311 84.534035 -69.66399 
  530311 84.544334 -69.66572 
  530311 84.54822  -69.66628 
  530311 84.23265  -69.43503 
  530311 84.23829  -69.43577 
  530311 84.54327  -69.66834 
  530311 84.516655 -69.67016 
  530311 84.53242  -69.67109 
  530311 84.53969  -69.672844
  530311 84.51758  -69.66665 
  530311 84.516754 -69.67185 
  530311 84.544876 -69.67744 
  530311 84.53044  -69.6763  
  530311 84.250015 -69.44011 
  530311 84.515045 -69.68504 
  530311 84.23711  -69.44096 
  530311 84.23987  -69.441956
  530311 84.5528   -69.68761 
  530311 84.55121  -69.68899 
  530311 84.230255 -69.443054
  530311 84.548706 -69.69172 
  530311 84.2296   -69.44228 
  530311 84.2859   -69.484886
  530311 83.67588  -69.48814 
  530311 83.67622  -69.48559 
  530311 84.286995 -69.495834
  530311 84.28978  -69.49779 
  530311 84.56051  -69.66346 
  530311 84.56488  -69.666016
  530311 84.57054  -69.67406 
  530311 84.56275  -69.6807  
  530311 85.01229  -69.24274 
  530311 85.00875  -69.25175 
  530311 84.72094  -69.49033 
  530311 84.70196  -69.48791 
  530311 84.70904  -69.49035 
  530311 84.70086  -69.491425
  530311 84.70939  -69.49208 
  530311 84.48567  -69.67274 
  530311 84.48806  -69.675385
  530311 84.4843   -69.68011 
  530311 84.4776   -69.679825
  530311 84.4794   -69.68113 
  530311 84.46545  -69.68199 
  530311 84.71332  -69.50396 
  530311 84.48817  -69.68458 
  530311 85.00886  -69.34311 
  530311 84.71585  -69.500496
  530311 85.001114 -69.35089 
  530311 85.00908  -69.350975
  530311 85.03372  -69.35212 
  530311 84.952225 -69.25242 
  530311 85.03018  -69.35513 
  530311 85.01211  -69.35731 
  530311 85.02941  -69.35794 
  530311 84.95177  -69.25608 
  530311 85.034805 -69.35861 
  530311 85.03798  -69.35907 
  530311 85.03463  -69.36074 
  530311 85.017525 -69.36069 
  530311 85.01212  -69.35899 
  530311 85.007805 -69.36057 
  530311 85.008675 -69.358536
  530311 85.00953  -69.35883 
  530311 85.00831  -69.35955 
  530311 85.03331  -69.36402 
  530311 84.94956  -69.267456
  530311 85.02638  -69.36516 
  530311 85.02514  -69.36385 
  530311 85.02091  -69.36008 
  530311 85.02735  -69.3621  
  530311 85.02893  -69.36327 
  530311 85.02752  -69.3642  
  530311 85.02485  -69.36168 
  530311 85.02082  -69.36627 
  530311 85.02903  -69.36609 
  530311 85.0328   -69.36501 
  530311 85.14484  -69.263985
  530311 85.01833  -69.36772 
  530311 85.1727   -69.24094 
  530311 85.16513  -69.24454 
  530311 85.160416 -69.244194
  530311 85.14344  -69.27771 
  530311 85.00999  -69.39404 
  530311 85.007576 -69.396355
  530311 85.00216  -69.39741 
  530311 85.16979  -69.249466
  530311 85.14036  -69.28452 
  530311 85.16585  -69.253174
  530311 85.01208  -69.39812 
  530311 85.01449  -69.39854 
  530311 85.16571  -69.25919 
  530311 85.00569  -69.40072 
  530311 85.004135 -69.40197 
  530311 85.01207  -69.40326 
  530311 85.15761  -69.26005 
  530311 85.16645  -69.26062 
  530311 85.176544 -69.26067 
  530311 85.16643  -69.26548 
  530311 85.00949  -69.41119 
  530311 85.15935  -69.26594 
  530311 85.00622  -69.41157 
  530311 85.15571  -69.26803 
  530311 85.00611  -69.412926
  530311 85.0018   -69.41371 
  530311 85.15427  -69.27309 
  530311 85.160484 -69.27464 
  530311 85.176155 -69.27319 
  530311 85.17008  -69.27515 
  530311 85.177605 -69.279495
  530311 85.17462  -69.28206 
  530311 85.15825  -69.28128 
  530311 84.89524  -69.28259 
  530311 84.906    -69.283966
  530311 85.1712   -69.2865  
  530311 85.07707  -69.35774 
  530311 85.06615  -69.36039 
  530311 85.06408  -69.36458 
  530311 85.069115 -69.36539 
  530311 85.076515 -69.36805 
  530311 85.068504 -69.36836 
  530311 85.06771  -69.37196 
  530311 84.95188  -69.38    
  530311 84.94728  -69.38837 
  530311 84.95181  -69.392136
  530311 84.94895  -69.39149 
  530311 84.95102  -69.39498 
  530311 84.94734  -69.39508 
  530311 84.95162  -69.39904 
  530311 84.954865 -69.399605
  530311 84.9466   -69.402725
  530311 84.9509   -69.40463 
  530311 84.94649  -69.40336 
  530311 84.952705 -69.404495
  530311 84.94909  -69.41069 
  530311 84.94753  -69.41656 
  530311 84.95015  -69.415825
  530311 84.94842  -69.41715 
  530311 85.20276  -69.23999 
  530311 84.78448  -69.48735 
  530311 84.78485  -69.48895 
  530311 84.99969  -69.24439 
  530311 84.78372  -69.49127 
  530311 84.78275  -69.49354 
  530311 85.198235 -69.2445  
  530311 84.78197  -69.492615
  530311 85.47107  -68.90821 
  530311 85.49723  -68.91456 
  530311 85.46797  -68.91338 
  530311 85.46953  -68.91225 
  530311 85.46668  -68.91805 
  530311 85.48056  -68.918465
  530311 85.48434  -68.91963 
  530311 85.469376 -68.921104
  530311 85.46971  -68.92205 
  530311 85.47956  -68.92761 
  530311 84.99413  -69.254845
  530311 84.90687  -69.39911 
  530311 85.201096 -69.26303 
  530311 85.20689  -69.263435
  530311 85.20779  -69.26604 
  530311 85.20086  -69.2658  
  530311 85.19933  -69.28335 
  530311 85.12734  -69.44671 
  530311 85.141014 -69.45046 
  530311 85.11079  -69.45073 
  530311 85.1085   -69.46156 
  530311 85.141174 -69.46282 
  530311 85.12324  -69.46445 
  530311 85.141335 -69.46584 
  530311 85.1256   -69.46897 
  530311 85.1457   -69.47046 
  530311 85.44601  -68.90795 
  530311 85.10721  -69.47273 
  530311 85.10857  -69.471985
  530311 85.16459  -69.44331 
  530311 85.15755  -69.443375
  530311 85.12336  -69.47398 
  530311 85.15169  -69.445206
  530311 85.11597  -69.47524 
  530311 85.1115   -69.478035
  530311 85.11452  -69.47507 
  530311 85.12847  -69.47963 
  530311 85.160164 -69.4482  
  530311 85.130775 -69.48193 
  530311 85.44965  -68.91043 
  530311 85.17741  -69.45053 
  530311 85.17757  -69.4526  
  530311 85.00366  -69.59986 
  530311 85.178505 -69.45509 
  530311 85.11906  -69.489174
  530311 85.031654 -69.60062 
  530311 85.17136  -69.457504
  530311 85.17247  -69.459206
  530311 85.02935  -69.6032  
  530311 85.16641  -69.45899 
  530311 85.16542  -69.45974 
  530311 85.01436  -69.604836
  530311 85.008514 -69.60113 
  530311 85.0066   -69.60189 
  530311 85.00771  -69.60299 
  530311 85.425415 -68.912445
  530311 85.43659  -68.91385 
  530311 85.44936  -68.913895
  530311 85.44245  -68.91547 
  530311 85.440544 -68.91483 
  530311 85.45335  -68.914604
  530311 85.456665 -68.91595 
  530311 85.4227   -68.91555 
  530311 85.15471  -69.46252 
  530311 85.012215 -69.6074  
  530311 85.01734  -69.606926
  530311 85.45561  -68.91856 
  530311 85.43893  -68.92158 
  530311 85.42133  -68.92257 
  530311 85.45207  -68.91832 
  530311 85.44035  -68.9226  
  530311 85.455475 -68.92367 
  530311 85.46059  -68.92536 
  530311 85.46295  -68.91898 
  530311 85.45757  -68.92057 
  530311 85.44523  -68.92668 
  530311 85.46184  -68.92363 
  530311 85.446556 -68.926094
  530311 85.45258  -68.92285 
  530311 85.45652  -68.923325
  530311 85.01598  -69.60992 
  530311 85.17749  -69.46766 
  530311 85.02706  -69.6125  
  530311 85.02178  -69.61351 
  530311 84.90253  -69.4682  
  530311 84.905594 -69.46963 
  530311 85.0317   -69.614204
  530311 85.01285  -69.6146  
  530311 85.15775  -69.47099 
  530311 85.17691  -69.47093 
  530311 84.89347  -69.473175
  530311 85.45093  -68.92809 
  530311 85.02941  -69.61551 
  530311 85.17897  -69.47571 
  530311 85.15236  -69.47665 
  530311 85.4335   -68.92776 
  530311 84.90414  -69.478325
  530311 84.88744  -69.47847 
  530311 85.16559  -69.47851 
  530311 85.17461  -69.47877 
  530311 84.886604 -69.480995
  530311 85.16162  -69.48032 
  530311 85.17259  -69.48078 
  530311 84.99727  -69.352165
  530311 84.88938  -69.48511 
  530311 84.90411  -69.48645 
  530311 85.15256  -69.48632 
  530311 85.158676 -69.486916
  530311 85.15504  -69.48914 
  530311 85.17079  -69.49158 
  530311 85.005264 -69.63512 
  530311 85.002144 -69.63606 
  530311 84.89109  -69.49261 
  530311 84.89092  -69.49445 
  530311 85.00288  -69.642654
  530311 84.902794 -69.499146
  530311 83.9654   -68.96534 
  530311 85.0073   -69.64682 
  530311 85.093376 -69.587234
  530311 85.014145 -69.648796
  530311 83.96909  -68.97515 
  530311 85.003365 -69.65391 
  530311 85.01539  -69.65233 
  530311 85.08811  -69.59398 
  530311 85.02293  -69.654564
  530311 85.019585 -69.65553 
  530311 84.99551  -69.38734 
  530311 85.0158   -69.6569  
  530311 85.08269  -69.599365
  530311 84.99242  -69.39017 
  530311 85.02705  -69.6584  
  530311 84.99719  -69.390686
  530311 84.99855  -69.39283 
  530311 85.0603   -69.60083 
  530311 85.02522  -69.661316
  530311 85.01288  -69.66196 
  530311 83.966194 -68.98144 
  530311 85.071465 -69.60794 
  530311 83.97548  -68.979546
  530311 85.01929  -69.66408 
  530311 85.07515  -69.61278 
  530311 84.998695 -69.39934 
  530311 85.07664  -69.609276
  530311 85.093445 -69.61126 
  530311 85.093956 -69.61351 
  530311 85.09162  -69.607506
  530311 85.09179  -69.608665
  530311 85.08938  -69.60995 
  530311 85.078964 -69.608864
  530311 85.09048  -69.61149 
  530311 85.09439  -69.61072 
  530311 85.07775  -69.614235
  530311 85.0159   -69.679115
  530311 85.07574  -69.61738 
  530311 85.03015  -69.66939 
  530311 85.00118  -69.67272 
  530311 84.99786  -69.411224
  530311 84.9922   -69.40406 
  530311 84.9929   -69.40526 
  530311 85.068115 -69.615486
  530311 85.069855 -69.615875
  530311 85.06477  -69.616104
  530311 85.11781  -69.58721 
  530311 85.10646  -69.587685
  530311 85.236084 -69.42481 
  530311 85.11011  -69.602   
  530311 85.23479  -69.43226 
  530311 85.11727  -69.60348 
  530311 85.11595  -69.60305 
  530311 85.10709  -69.60572 
  530311 85.109764 -69.60508 
  530311 85.10877  -69.60533 
  530311 85.12062  -69.60578 
  530311 85.11926  -69.608154
  530311 84.95473  -69.65656 
  530311 85.22821  -69.432526
  530311 84.94709  -69.658325
  530311 85.23598  -69.4384  
  530311 84.9546   -69.63998 
  530311 85.19971  -69.45789 
  530311 84.08479  -69.10438 
  530311 84.085686 -69.09685 
  530311 84.04663  -69.19989 
  530311 84.084885 -69.11282 
  530311 84.08589  -69.12276 
  530311 85.2132   -69.563484
  530311 85.23696  -69.566635
  530311 85.2057   -69.56706 
  530311 85.21213  -69.569244
  530311 85.22079  -69.56953 
  530311 85.22778  -69.5699  
  530311 85.228294 -69.572174
  530311 85.20242  -69.57323 
  530311 85.22251  -69.572685
  530311 85.2142   -69.575294
  530311 85.2339   -69.578476
  530311 85.21875  -69.57799 
  530311 85.226    -69.58273 
  530311 85.20162  -69.58489 
  530311 85.2246   -69.58578 
  530311 85.22462  -69.58854 
  530311 84.995285 -69.60009 
  530311 84.99949  -69.602936
  530311 84.99517  -69.611275
  530311 84.99983  -69.6071  
  530311 84.99242  -69.61133 
  530311 84.99258  -69.614876
  530311 85.00002  -69.61987 
  530311 84.99333  -69.64481 
  530311 84.99639  -69.65085 
  530311 85.5045   -69.19979 
  530311 84.511055 -69.07157 
  530311 84.99584  -69.65704 
  530311 85.54891  -69.04659 
  530311 85.54349  -69.05147 
  530311 85.54965  -69.05277 
  530311 85.54592  -69.052536
  530311 84.99564  -69.66222 
  530311 85.53275  -69.06017 
  530311 85.28274  -69.31466 
  530311 85.53265  -69.062035
  530311 85.53437  -69.0622  
  530311 85.28964  -69.316864
  530311 85.54757  -69.07127 
  530311 85.552345 -69.07216 
  530311 85.55347  -69.0729  
  530311 85.26876  -69.31831 
  530311 85.26635  -69.31931 
  530311 85.26613  -69.31875 
  530311 85.28629  -69.31998 
  530311 85.25661  -69.32068 
  530311 85.25391  -69.32124 
  530311 85.26036  -69.320114
  530311 85.259926 -69.32199 
  530311 84.99717  -69.672035
  530311 85.27216  -69.32627 
  530311 85.2898   -69.32966 
  530311 84.502525 -69.14496 
  530311 84.497856 -69.150475
  530311 83.96589  -69.18351 
  530311 85.10415  -69.4677  
  530311 85.1017   -69.47416 
  530311 85.10098  -69.47991 
  530311 85.10068  -69.48047 
  530311 85.102844 -69.48426 
  530311 85.10398  -69.48488 
  530311 84.00477  -69.17934 
  530311 83.97248  -69.20038 
  530311 83.973625 -69.201355
  530311 83.97562  -69.2019  
  530311 83.96733  -69.20219 
  530311 85.105316 -69.5827  
  530311 85.104195 -69.60192 
  530311 85.100716 -69.60881 
  530311 85.149925 -69.23953 
  530311 85.391205 -69.21217 
  530311 85.40046  -69.21167 
  530311 85.15105  -69.259895
  530311 85.39777  -69.21274 
  530311 85.147644 -69.279175
  530311 85.147644 -69.27838 
  530311 85.39762  -69.21436 
  530311 84.12603  -69.14678 
  530311 85.38429  -69.21207 
  530311 84.00453  -69.19285 
  530311 84.00465  -69.19516 
  530311 84.00755  -69.199066
  530311 84.00576  -69.19903 
  530311 84.00519  -69.198   
  530311 84.00707  -69.20715 
  530311 84.00703  -69.2127  
  530311 84.1266   -69.15546 
  530311 85.389496 -69.21936 
  530311 85.4035   -69.22005 
  530311 85.43351  -69.21093 
  530311 85.43473  -69.21131 
  530311 85.394394 -69.21924 
  530311 85.419586 -69.212685
  530311 85.44888  -69.21548 
  530311 85.578545 -69.06128 
  530311 85.58661  -69.062294
  530311 85.38865  -69.22143 
  530311 84.557175 -69.07376 
  530311 85.569595 -69.06969 
  530311 85.55975  -69.07017 
  530311 85.05376  -69.351425
  530311 85.044655 -69.353455
  530311 85.050316 -69.361595
  530311 85.04451  -69.359184
  530311 85.042694 -69.36272 
  530311 85.0534   -69.36665 
  530311 85.04012  -69.370094
  530311 85.44689  -69.217186
  530311 85.45469  -69.21625 
  530311 85.45558  -69.21708 
  530311 85.428276 -69.21754 
  530311 85.559525 -69.07319 
  530311 85.58089  -69.07521 
  530311 85.432236 -69.21767 
  530311 85.42945  -69.216866
  530311 85.4467   -69.21862 
  530311 85.44476  -69.219025
  530311 85.45317  -69.22008 
  530311 84.00501  -69.215454
  530311 85.56877  -69.077995
  530311 85.602974 -69.08093 
  530311 85.565765 -69.085464
  530311 85.56583  -69.08201 
  530311 85.59283  -69.09313 
  530311 85.59061  -69.09415 
  530311 85.56406  -69.0977  
  530311 85.578514 -69.09578 
  530311 84.04694  -69.420944
  530311 85.55618  -69.178   
  530311 85.58043  -69.09698 
  530311 85.57697  -69.09469 
  530311 85.58442  -69.09999 
  530311 84.12263  -69.1831  
  530311 85.18691  -69.23238 
  530311 85.4367   -69.22689 
  530311 85.193825 -69.240166
  530311 85.19401  -69.24497 
  530311 85.18297  -69.25083 
  530311 85.187805 -69.25556 
  530311 85.53083  -69.1839  
  530311 85.52745  -69.18528 
  530311 85.1934   -69.260864
  530311 84.36064  -69.117165
  530311 84.51004  -69.368095
  530311 85.191025 -69.26185 
  530311 85.196014 -69.2638  
  530311 85.190475 -69.26853 
  530311 85.41961  -69.228905
  530311 85.42802  -69.22911 
  530311 85.185295 -69.27128 
  530311 85.18216  -69.27431 
  530311 85.51589  -69.18527 
  530311 85.54812  -69.18612 
  530311 85.540146 -69.18707 
  530311 84.12271  -69.19247 
  530311 85.55417  -69.187706
  530311 85.04437  -69.67164 
  530311 85.65251  -69.0614  
  530311 85.252365 -69.42808 
  530311 85.267975 -69.42745 
  530311 85.24845  -69.427216
  530311 85.51924  -69.19107 
  530311 85.517746 -69.19288 
  530311 84.35139  -69.12143 
  530311 85.254585 -69.42907 
  530311 85.25241  -69.430626
  530311 85.1847   -69.450356
  530311 85.19509  -69.4554  
  530311 85.184425 -69.46403 
  530311 85.18328  -69.46444 
  530311 85.257576 -69.430756
  530311 85.26767  -69.435295
  530311 85.26035  -69.43397 
  530311 85.262726 -69.43544 
  530311 85.260155 -69.43877 
  530311 85.195526 -69.47693 
  530311 85.19033  -69.47773 
  530311 85.65303  -69.06927 
  530311 85.654335 -69.07011 
  530311 85.65221  -69.06865 
  530311 85.52554  -69.19262 
  530311 85.53154  -69.19144 
  530311 85.52807  -69.192665
  530311 85.536575 -69.197655
  530311 85.53876  -69.19745 
  530311 85.53014  -69.18974 
  530311 85.24335  -69.428925
  530311 85.65014  -69.074936
  530311 85.24534  -69.43254 
  530311 85.54079  -69.19862 
  530311 85.51331  -69.19977 
  530311 85.53502  -69.200165
  530311 85.520424 -69.200745
  530311 85.24044  -69.43524 
  530311 85.24047  -69.43681 
  530311 85.24025  -69.43463 
  530311 85.25407  -69.43442 
  530311 85.25032  -69.435036
  530311 85.25423  -69.437294
  530311 85.2393   -69.584496
  530311 85.75386  -68.98699 
  530311 85.74584  -68.988205
  530311 85.19494  -69.567505
  530311 85.51536  -69.20115 
  530311 85.19392  -69.5743  
  530311 85.69958  -68.97791 
  530311 84.3577   -69.12459 
  530311 84.36017  -69.12179 
  530311 84.35858  -69.12563 
  530311 84.35854  -69.1248  
  530311 85.71136  -68.978745
  530311 85.5557   -69.222374
  530311 84.35461  -69.12852 
  530311 85.739365 -68.99918 
  530311 85.75184  -69.00259 
  530311 85.546875 -69.199165
  530311 85.554436 -69.2012  
  530311 85.54137  -69.20246 
  530311 85.54776  -69.205185
  530311 85.53733  -69.20551 
  530311 85.762985 -69.00626 
  530311 85.760376 -69.005264
  530311 85.543175 -69.20609 
  530311 85.537895 -69.20711 
  530311 85.54124  -69.20715 
  530311 85.76121  -69.00555 
  530311 85.76235  -69.00754 
  530311 85.538475 -69.2086  
  530311 85.547104 -69.20869 
  530311 85.518326 -69.20896 
  530311 85.54762  -69.20948 
  530311 85.54449  -69.210526
  530311 85.540215 -69.20982 
  530311 85.55414  -69.211914
  530311 85.52212  -69.21442 
  530311 85.55352  -69.21851 
  530311 85.5553   -69.218704
  530311 85.539024 -69.211105
  530311 85.538734 -69.211716
  530311 85.535164 -69.20982 
  530311 85.543465 -69.212746
  530311 85.541855 -69.21305 
  530311 85.53436  -69.21511 
  530311 85.53685  -69.21038 
  530311 85.53493  -69.21243 
  530311 85.536    -69.21277 
  530311 85.53394  -69.21049 
  530311 85.52974  -69.21223 
  530311 84.46105  -69.14677 
  530311 84.46293  -69.15601 
  530311 84.46267  -69.15942 
  530311 84.308586 -69.2379  
  530311 84.08568  -69.41189 
  530311 84.310104 -69.27121 
  530311 84.30847  -69.28049 
  530311 84.30286  -69.28024 
  530311 84.00591  -69.29674 
  530311 85.56079  -69.17445 
  530311 85.322174 -69.32225 
  530311 85.321846 -69.32411 
  530311 85.56635  -69.18251 
  530311 85.321724 -69.325554
  530311 85.32517  -69.32637 
  530311 85.32581  -69.3276  
  530311 85.58014  -69.1855  
  530311 85.331375 -69.32824 
  530311 85.56244  -69.18905 
  530311 85.334015 -69.32867 
  530311 85.58008  -69.1924  
  530311 85.56515  -69.19391 
  530311 85.5678   -69.1954  
  530311 85.57042  -69.19604 
  530311 85.598404 -69.199234
  530311 85.58621  -69.20114 
  530311 85.58785  -69.20093 
  530311 85.56399  -69.20201 
  530311 85.57466  -69.20127 
  530311 85.56994  -69.20122 
  530311 85.57059  -69.20141 
  530311 85.56406  -69.20312 
  530311 85.57588  -69.20387 
  530311 85.57001  -69.20457 
  530311 85.58676  -69.20456 
  530311 85.59591  -69.20051 
  530311 85.56033  -69.20582 
  530311 85.58825  -69.20684 
  530311 85.56628  -69.206665
  530311 85.57882  -69.20961 
  530311 85.56962  -69.209625
  530311 85.58471  -69.21314 
  530311 85.574326 -69.21212 
  530311 85.57965  -69.21515 
  530311 85.581696 -69.21566 
  530311 85.58971  -69.21526 
  530311 85.58785  -69.21732 
  530311 84.45839  -69.16663 
  530311 85.57327  -69.21875 
  530311 85.57958  -69.21958 
  530311 85.58811  -69.22088 
  530311 85.595345 -69.222046
  530311 84.31009  -69.36711 
  530311 84.31148  -69.37349 
  530311 84.30737  -69.37397 
  530311 84.304924 -69.37918 
  530311 85.56404  -69.222435
  530311 85.56781  -69.21956 
  530311 84.30521  -69.38886 
  530311 84.2974   -69.39052 
  530311 84.30004  -69.39097 
  530311 84.31138  -69.39136 
  530311 84.30015  -69.39841 
  530311 85.58139  -69.22671 
  530311 84.29798  -69.401054
  530311 84.19148  -69.301216
  530311 84.29921  -69.48603 
  530311 84.2974   -69.489914
  530311 84.00567  -69.410736
  530311 84.00712  -69.42124 
  530311 84.310936 -69.48844 
  530311 84.30366  -69.49056 
  530311 84.301796 -69.49089 
  530311 84.36317  -69.224396
  530311 84.298706 -69.491646
  530311 84.311935 -69.49426 
  530311 84.19269  -69.31865 
  530311 84.31133  -69.4979  
  530311 84.29774  -69.50663 
  530311 84.36289  -69.228065
  530311 84.35702  -69.235214
  530311 85.666916 -69.05464 
  530311 84.591774 -69.06868 
  530311 85.66683  -69.05965 
  530311 85.67693  -69.06054 
  530311 85.67275  -69.06236 
  530311 85.67254  -69.06134 
  530311 85.67417  -69.06612 
  530311 85.6726   -69.06671 
  530311 85.667915 -69.066376
  530311 85.24882  -69.56297 
  530311 85.68109  -69.07257 
  530311 84.49977  -69.67168 
  530311 84.507225 -69.67748 
  530311 84.4981   -69.68676 
  530311 84.49783  -69.69577 
  530311 84.35191  -69.23787 
  530311 84.5553   -69.378265
  530311 84.12668  -69.37502 
  530311 84.08649  -69.496864
  530311 85.246895 -69.57203 
  530311 85.24963  -69.5753  
  530311 85.25101  -69.5774  
  530311 84.12556  -69.37789 
  530311 84.08565  -69.51041 
  530311 84.35529  -69.26478 
  530311 84.127045 -69.39151 
  530311 85.921234 -69.21482 
  530311 85.92602  -69.22372 
  530311 85.91547  -69.22744 
  530311 85.92433  -69.228134
  530311 85.47268  -69.522514
  530311 85.910774 -69.230225
  530311 85.91851  -69.23302 
  530311 85.918304 -69.234116
  530311 85.4903   -69.529144
  530311 85.46549  -69.532555
  530311 85.90083  -69.2352  
  530311 85.50124  -69.53114 
  530311 85.499054 -69.532455
  530311 85.51124  -69.540375
  530311 85.92665  -69.23808 
  530311 85.502426 -69.54411 
  530311 85.47626  -69.54352 
  530311 85.477486 -69.54401 
  530311 85.49798  -69.54626 
  530311 84.19199  -69.42492 
  530311 85.93945  -69.218796
  530311 85.97233  -69.21962 
  530311 84.19327  -69.44337 
  530311 85.97221  -69.227196
  530311 85.94203  -69.22784 
  530311 85.57073  -69.477486
  530311 85.93435  -69.221825
  530311 85.93484  -69.22484 
  530311 85.94498  -69.22354 
  530311 85.93147  -69.22643 
  530311 85.58721  -69.48217 
  530311 85.93104  -69.223236
  530311 85.933586 -69.224464
  530311 85.9605   -69.23549 
  530311 85.965775 -69.236725
  530311 85.93183  -69.237946
  530311 85.59545  -69.488174
  530311 85.93991  -69.24061 
  530311 85.94781  -69.23786 
  530311 85.5668   -69.49252 
  530311 85.59053  -69.48673 
  530311 85.58968  -69.48499 
  530311 85.57659  -69.48849 
  530311 85.58179  -69.4908  
  530311 85.5752   -69.486755
  530311 85.57341  -69.488434
  530311 85.57899  -69.488464
  530311 85.57487  -69.488174
  530311 85.58489  -69.48516 
  530311 85.580055 -69.48793 
  530311 85.57806  -69.487   
  530311 85.58201  -69.48641 
  530311 85.577995 -69.48583 
  530311 85.58511  -69.48673 
  530311 85.58044  -69.48571 
  530311 85.57887  -69.48519 
  530311 85.58478  -69.48582 
  530311 85.58395  -69.48728 
  530311 85.934395 -69.24703 
  530311 85.593864 -69.49333 
  530311 85.573715 -69.49408 
  530311 85.58087  -69.49619 
  530311 85.5606   -69.49797 
  530311 85.914505 -69.24383 
  530311 85.89889  -69.24474 
  530311 85.95726  -69.25608 
  530311 85.8883   -69.25475 
  530311 85.890755 -69.25389 
  530311 85.891266 -69.25688 
  530311 85.890495 -69.255325
  530311 85.89234  -69.2607  
  530311 85.910034 -69.26225 
  530311 85.914185 -69.26333 
  530311 84.65095  -69.29508 
  530311 85.90373  -69.26595 
  530311 85.9345   -69.2631  
  530311 85.472786 -69.54879 
  530311 85.91042  -69.26387 
  530311 85.9137   -69.26525 
  530311 85.920784 -69.266884
  530311 85.910385 -69.265274
  530311 85.91959  -69.26862 
  530311 85.91641  -69.26904 
  530311 85.907036 -69.26919 
  530311 85.9068   -69.2688  
  530311 85.93146  -69.263336
  530311 85.94658  -69.26407 
  530311 85.94649  -69.26603 
  530311 85.603424 -69.4984  
  530311 84.12269  -69.43761 
  530311 85.596596 -69.49802 
  530311 85.56836  -69.49791 
  530311 84.65294  -69.30352 
  530311 84.64448  -69.30283 
  530311 84.64953  -69.30506 
  530311 84.652115 -69.30495 
  530311 84.648796 -69.307045
  530311 84.64099  -69.3111  
  530311 85.589066 -69.501396
  530311 85.58388  -69.50542 
  530311 84.3501   -69.329605
  530311 84.36089  -69.33407 
  530311 84.35385  -69.33488 
  530311 84.641266 -69.31431 
  530311 84.63955  -69.317635
  530311 84.64148  -69.32276 
  530311 84.65252  -69.32308 
  530311 84.652435 -69.32636 
  530311 85.39136  -69.52915 
  530311 84.648994 -69.33006 
  530311 84.362625 -69.33872 
  530311 84.35584  -69.33924 
  530311 84.35776  -69.33892 
  530311 84.36334  -69.34315 
  530311 84.3514   -69.34103 
  530311 84.35307  -69.346535
  530311 84.191666 -69.49291 
  530311 84.19123  -69.49967 
  530311 84.29556  -69.25334 
  530311 84.29664  -69.26053 
  530311 84.359    -69.34823 
  530311 84.35895  -69.35072 
  530311 84.29611  -69.28218 
  530311 84.357864 -69.35201 
  530311 84.12614  -69.45473 
  530311 84.12526  -69.45543 
  530311 84.35077  -69.35248 
  530311 84.359726 -69.35371 
  530311 84.36116  -69.35537 
  530311 84.361855 -69.35917 
  530311 84.35457  -69.36018 
  530311 84.35756  -69.360985
  530311 84.35449  -69.36135 
  530311 84.35098  -69.36111 
  530311 84.35974  -69.36255 
  530311 84.3633   -69.363106
  530311 84.359375 -69.36128 
  530311 85.39507  -69.548225
  530311 85.39483  -69.55084 
  530311 85.39551  -69.55143 
  530311 85.39551  -69.54556 
  530311 84.356895 -69.377045
  530311 85.400734 -69.557755
  530311 84.351074 -69.38029 
  530311 84.35009  -69.38329 
  530311 84.460785 -69.33706 
  530311 84.455666 -69.33292 
  530311 84.46045  -69.34352 
  530311 84.357544 -69.39627 
  530311 85.44138  -69.52855 
  530311 85.423454 -69.530045
  530311 85.45968  -69.53271 
  530311 85.42748  -69.53378 
  530311 85.42449  -69.53394 
  530311 85.42258  -69.53526 
  530311 85.46429  -69.53538 
  530311 85.42732  -69.536995
  530311 85.44364  -69.537704
  530311 85.426254 -69.540054
  530311 85.463066 -69.54006 
  530311 85.455086 -69.544266
  530311 85.44283  -69.544716
  530311 85.42878  -69.54491 
  530311 85.457    -69.5485  
  530311 85.41861  -69.550316
  530311 85.46192  -69.549095
  530311 85.45043  -69.55164 
  530311 85.42439  -69.55242 
  530311 84.46249  -69.352264
  530311 84.45792  -69.3471  
  530311 85.457405 -69.55375 
  530311 85.431656 -69.56    
  530311 85.45999  -69.56143 
  530311 84.29553  -69.373726
  530311 84.296326 -69.38319 
  530311 84.7301   -69.09908 
  530311 84.41565  -69.433235
  530311 84.41741  -69.4442  
  530311 84.41336  -69.445305
  530311 84.41096  -69.44847 
  530311 84.41734  -69.452896
  530311 84.41968  -69.45383 
  530311 84.413414 -69.454475
  530311 84.41065  -69.4571  
  530311 84.40922  -69.45471 
  530311 84.40937  -69.45613 
  530311 84.41591  -69.45704 
  530311 84.41475  -69.45745 
  530311 84.41111  -69.45548 
  530311 84.41469  -69.45595 
  530311 84.4147   -69.4566  
  530311 84.413895 -69.45554 
  530311 84.41226  -69.46066 
  530311 84.55619  -69.66797 
  530311 84.72685  -69.48904 
  530311 84.727806 -69.48958 
  530311 84.45478  -69.45141 
  530311 84.731514 -69.49548 
  530311 84.72772  -69.500206
  530311 84.35261  -69.49212 
  530311 84.420815 -69.46785 
  530311 84.35301  -69.49636 
  530311 84.35043  -69.4967  
  530311 85.618706 -69.49625 
  530311 85.61715  -69.49865 
  530311 85.619644 -69.49481 
  530311 85.51271  -69.20233 
  530311 85.51274  -69.20444 
  530311 85.306915 -69.322815
  530311 85.30004  -69.323586
  530311 85.30043  -69.32582 
  530311 85.30296  -69.325775
  530311 85.31105  -69.32864 
  530311 85.41543  -68.91045 
  530311 84.22204  -69.42176 
  530311 84.21267  -69.42307 
  530311 85.5591   -69.05138 
  530311 85.55697  -69.21183 
  530311 85.41056  -69.21563 
  530311 85.41333  -69.2166  
  530311 85.406334 -69.219376
  530311 85.41066  -69.21967 
  530311 85.41035  -69.221924
  530311 85.40829  -69.227684
  530311 85.40593  -69.22857 
  530311 84.2137   -69.43501 
  530311 84.22313  -69.440674
  530311 84.21378  -69.44315 
  530311 85.40796  -69.52646 
  530311 85.412445 -69.52846 
  530311 85.41583  -69.52961 
  530311 85.41252  -69.55313 
  530311 85.41057  -69.55622 
  530311 85.61016  -69.49384 
  530311 85.721176 -68.97795 
  530311 85.72146  -68.979546
  530311 85.72118  -68.98164 
  530311 85.715614 -68.98179 
  530311 85.72482  -68.99056 
  530311 85.72218  -68.997856
  530311 85.73087  -68.99802 
  530311 85.73121  -68.997086
  530311 85.720535 -68.99906 
  530311 85.73309  -69.00089 
  530311 85.71493  -69.00492 
  530311 85.73118  -69.00394 
  530311 85.97646  -69.22196 
  530311 85.979614 -69.2225  
  530311 85.97818  -69.237144
  530311 83.438835 -69.29987 
  530311 83.44121  -69.30691 
  530311 83.44348  -69.3117  
